url_path,views_total,views_unique
/EarthSciML/AtmosphericDeposition.jl,2,1
/EarthSciML/AtmosphericDeposition.jl/compare/main...jialinl6:DepositionMTK.jl:main,2,1
