referrer,views_total,views_unique
deposition.earthsci.dev,41,1
