url_path,views_total,views_unique
/EarthSciML/AtmosphericDeposition.jl/blob/main/ext/GasChemExt.jl,13,2
/EarthSciML/AtmosphericDeposition.jl/blob/main/src/dry_deposition.jl,11,2
/EarthSciML/AtmosphericDeposition.jl/blob/main/ext/EarthSciDataExt.jl,11,1
/EarthSciML/AtmosphericDeposition.jl/blob/0e84b9bc1c1e66fa89195687f700775cd090f931/src/wesley1989.jl,10,2
/EarthSciML/AtmosphericDeposition.jl/blob/main/ext/AerosolExt.jl,10,1
/EarthSciML/AtmosphericDeposition.jl/blob/main/src/wesley1989.jl,10,1
/EarthSciML/AtmosphericDeposition.jl,8,2
/EarthSciML/AtmosphericDeposition.jl/blob/main/src/wet_deposition.jl,8,2
/EarthSciML/AtmosphericDeposition.jl/tree/main,8,2
/EarthSciML/AtmosphericDeposition.jl/tree/main/src,8,2
